v 0.000000 2.000000 0.000000
v 0.000000 2.000000 -0.000000
v 0.000000 2.000000 -0.000000
v 0.000000 2.000000 -0.000000
v 0.000000 2.000000 -0.000000
v -0.000000 2.000000 -0.000000
v -0.000000 2.000000 -0.000000
v -0.000000 2.000000 -0.000000
v -0.000000 2.000000 -0.000000
v -0.000000 2.000000 0.000000
v -0.000000 2.000000 0.000000
v -0.000000 2.000000 0.000000
v -0.000000 2.000000 0.000000
v 0.000000 2.000000 0.000000
v 0.000000 2.000000 0.000000
v 0.000000 2.000000 0.000000
v 0.520840 2.266123 0.000000
v 0.481193 2.266123 -0.199317
v 0.368289 2.266123 -0.368289
v 0.199317 2.266123 -0.481193
v 0.000000 2.266123 -0.520840
v -0.199317 2.266123 -0.481193
v -0.368289 2.266123 -0.368289
v -0.481193 2.266123 -0.199317
v -0.520840 2.266123 -0.000000
v -0.481193 2.266123 0.199317
v -0.368289 2.266123 0.368289
v -0.199317 2.266123 0.481193
v -0.000000 2.266123 0.520840
v 0.199317 2.266123 0.481193
v 0.368289 2.266123 0.368289
v 0.481193 2.266123 0.199317
v 1.031719 2.522734 0.000000
v 0.953184 2.522734 -0.394822
v 0.729535 2.522734 -0.729535
v 0.394822 2.522734 -0.953184
v 0.000000 2.522734 -1.031719
v -0.394822 2.522734 -0.953184
v -0.729535 2.522734 -0.729535
v -0.953184 2.522734 -0.394822
v -1.031719 2.522734 -0.000000
v -0.953184 2.522734 0.394822
v -0.729535 2.522734 0.729535
v -0.394822 2.522734 0.953184
v -0.000000 2.522734 1.031719
v 0.394822 2.522734 0.953184
v 0.729535 2.522734 0.729535
v 0.953184 2.522734 0.394822
v 1.519563 2.757878 0.000000
v 1.403893 2.757878 -0.581512
v 1.074493 2.757878 -1.074493
v 0.581512 2.757878 -1.403893
v -0.000000 2.757878 -1.519563
v -0.581512 2.757878 -1.403893
v -1.074493 2.757878 -1.074493
v -1.403893 2.757878 -0.581512
v -1.519563 2.757878 -0.000000
v -1.403893 2.757878 0.581512
v -1.074493 2.757878 1.074493
v -0.581512 2.757878 1.403893
v -0.000000 2.757878 1.519563
v 0.581512 2.757878 1.403893
v 1.074493 2.757878 1.074493
v 1.403893 2.757878 0.581512
v 1.983750 2.969375 0.000000
v 1.832746 2.969375 -0.759148
v 1.402723 2.969375 -1.402723
v 0.759148 2.969375 -1.832746
v -0.000000 2.969375 -1.983750
v -0.759148 2.969375 -1.832746
v -1.402723 2.969375 -1.402723
v -1.832746 2.969375 -0.759148
v -1.983750 2.969375 -0.000000
v -1.832746 2.969375 0.759148
v -1.402723 2.969375 1.402723
v -0.759148 2.969375 1.832746
v -0.000000 2.969375 1.983750
v 0.759148 2.969375 1.832746
v 1.402723 2.969375 1.402723
v 1.832746 2.969375 0.759148
v 2.432996 3.162375 0.000000
v 2.247795 3.162375 -0.931067
v 1.720388 3.162375 -1.720388
v 0.931067 3.162375 -2.247795
v -0.000000 3.162375 -2.432996
v -0.931067 3.162375 -2.247795
v -1.720388 3.162375 -1.720388
v -2.247795 3.162375 -0.931067
v -2.432996 3.162375 -0.000000
v -2.247795 3.162375 0.931067
v -1.720388 3.162375 1.720388
v -0.931067 3.162375 2.247795
v -0.000000 3.162375 2.432996
v 0.931067 3.162375 2.247795
v 1.720388 3.162375 1.720388
v 2.247795 3.162375 0.931067
v 2.826211 3.302930 0.000000
v 2.611078 3.302930 -1.081544
v 1.998433 3.302930 -1.998433
v 1.081544 3.302930 -2.611078
v -0.000000 3.302930 -2.826211
v -1.081544 3.302930 -2.611078
v -1.998433 3.302930 -1.998433
v -2.611078 3.302930 -1.081544
v -2.826211 3.302930 0.000000
v -2.611078 3.302930 1.081544
v -1.998433 3.302930 1.998433
v -1.081544 3.302930 2.611078
v -0.000000 3.302930 2.826211
v 1.081544 3.302930 2.611078
v 1.998433 3.302930 1.998433
v 2.611078 3.302930 1.081544
v 3.144097 3.374194 0.000000
v 2.904767 3.374194 -1.203194
v 2.223212 3.374194 -2.223212
v 1.203194 3.374194 -2.904767
v -0.000000 3.374194 -3.144097
v -1.203194 3.374194 -2.904767
v -2.223212 3.374194 -2.223212
v -2.904767 3.374194 -1.203194
v -3.144097 3.374194 -0.000000
v -2.904767 3.374194 1.203194
v -2.223212 3.374194 2.223212
v -1.203194 3.374194 2.904767
v -0.000000 3.374194 3.144097
v 1.203194 3.374194 2.904767
v 2.223212 3.374194 2.223212
v 2.904767 3.374194 1.203194
v 3.330000 3.330000 0.000000
v 3.076519 3.330000 -1.274336
v 2.354666 3.330000 -2.354666
v 1.274336 3.330000 -3.076519
v 0.000000 3.330000 -3.330000
v -1.274336 3.330000 -3.076519
v -2.354666 3.330000 -2.354666
v -3.076519 3.330000 -1.274336
v -3.330000 3.330000 0.000000
v -3.076519 3.330000 1.274336
v -2.354666 3.330000 2.354666
v -1.274336 3.330000 3.076519
v -0.000000 3.330000 3.330000
v 1.274336 3.330000 3.076519
v 2.354666 3.330000 2.354666
v 3.076519 3.330000 1.274336
v 3.286802 3.092407 0.000000
v 3.036609 3.092407 -1.257805
v 2.324120 3.092407 -2.324120
v 1.257805 3.092407 -3.036609
v 0.000000 3.092407 -3.286802
v -1.257805 3.092407 -3.036609
v -2.324120 3.092407 -2.324120
v -3.036609 3.092407 -1.257805
v -3.286802 3.092407 -0.000000
v -3.036609 3.092407 1.257805
v -2.324120 3.092407 2.324120
v -1.257805 3.092407 3.036609
v -0.000000 3.092407 3.286802
v 1.257805 3.092407 3.036609
v 2.324120 3.092407 2.324120
v 3.036609 3.092407 1.257805
v 3.116602 2.739883 0.000000
v 2.879364 2.739883 -1.192672
v 2.203770 2.739883 -2.203770
v 1.192672 2.739883 -2.879364
v 0.000000 2.739883 -3.116602
v -1.192672 2.739883 -2.879364
v -2.203770 2.739883 -2.203770
v -2.879364 2.739883 -1.192672
v -3.116602 2.739883 0.000000
v -2.879364 2.739883 1.192672
v -2.203770 2.739883 2.203770
v -1.192672 2.739883 2.879364
v -0.000000 2.739883 3.116602
v 1.192672 2.739883 2.879364
v 2.203770 2.739883 2.203770
v 2.879364 2.739883 1.192672
v 2.884285 2.319285 0.000000
v 2.664732 2.319285 -1.103768
v 2.039497 2.319285 -2.039497
v 1.103768 2.319285 -2.664732
v 0.000000 2.319285 -2.884285
v -1.103768 2.319285 -2.664732
v -2.039497 2.319285 -2.039497
v -2.664732 2.319285 -1.103768
v -2.884285 2.319285 -0.000000
v -2.664732 2.319285 1.103768
v -2.039497 2.319285 2.039497
v -1.103768 2.319285 2.664732
v 0.000000 2.319285 2.884285
v 1.103768 2.319285 2.664732
v 2.039497 2.319285 2.039497
v 2.664732 2.319285 1.103768
v 2.604375 1.847500 0.000000
v 2.406129 1.847500 -0.996651
v 1.841571 1.847500 -1.841571
v 0.996651 1.847500 -2.406129
v 0.000000 1.847500 -2.604375
v -0.996651 1.847500 -2.406129
v -1.841571 1.847500 -1.841571
v -2.406129 1.847500 -0.996651
v -2.604375 1.847500 0.000000
v -2.406129 1.847500 0.996651
v -1.841571 1.847500 1.841571
v -0.996651 1.847500 2.406129
v -0.000000 1.847500 2.604375
v 0.996651 1.847500 2.406129
v 1.841571 1.847500 1.841571
v 2.406129 1.847500 0.996651
v 2.303430 1.358040 -0.000000
v 2.128092 1.358040 -0.881485
v 1.628771 1.358040 -1.628771
v 0.881485 1.358040 -2.128092
v 0.000000 1.358040 -2.303430
v -0.881485 1.358040 -2.128092
v -1.628771 1.358040 -1.628771
v -2.128092 1.358040 -0.881485
v -2.303430 1.358040 -0.000000
v -2.128092 1.358040 0.881485
v -1.628771 1.358040 1.628771
v -0.881485 1.358040 2.128092
v 0.000000 1.358040 2.303430
v 0.881485 1.358040 2.128092
v 1.628771 1.358040 1.628771
v 2.128092 1.358040 0.881485
v 2.010234 0.847891 0.000000
v 1.857214 0.847891 -0.769283
v 1.421450 0.847891 -1.421450
v 0.769283 0.847891 -1.857214
v 0.000000 0.847891 -2.010234
v -0.769283 0.847891 -1.857214
v -1.421450 0.847891 -1.421450
v -1.857214 0.847891 -0.769283
v -2.010234 0.847891 0.000000
v -1.857214 0.847891 0.769283
v -1.421450 0.847891 1.421450
v -0.769283 0.847891 1.857214
v -0.000000 0.847891 2.010234
v 0.769283 0.847891 1.857214
v 1.421450 0.847891 1.421450
v 1.857214 0.847891 0.769283
v 1.740146 0.320244 0.000000
v 1.607686 0.320244 -0.665925
v 1.230469 0.320244 -1.230469
v 0.665925 0.320244 -1.607686
v 0.000000 0.320244 -1.740146
v -0.665925 0.320244 -1.607686
v -1.230469 0.320244 -1.230469
v -1.607686 0.320244 -0.665925
v -1.740146 0.320244 -0.000000
v -1.607686 0.320244 0.665925
v -1.230469 0.320244 1.230469
v -0.665925 0.320244 1.607686
v 0.000000 0.320244 1.740146
v 0.665925 0.320244 1.607686
v 1.230469 0.320244 1.230469
v 1.607686 0.320244 0.665925
v 1.560000 -0.210000 0.000000
v 1.441252 -0.210000 -0.596986
v 1.103087 -0.210000 -1.103087
v 0.596986 -0.210000 -1.441252
v 0.000000 -0.210000 -1.560000
v -0.596986 -0.210000 -1.441252
v -1.103087 -0.210000 -1.103087
v -1.441252 -0.210000 -0.596986
v -1.560000 -0.210000 -0.000000
v -1.441252 -0.210000 0.596986
v -1.103087 -0.210000 1.103087
v -0.596986 -0.210000 1.441252
v -0.000000 -0.210000 1.560000
v 0.596986 -0.210000 1.441252
v 1.103087 -0.210000 1.103087
v 1.441252 -0.210000 0.596986
v 1.575791 -0.728291 -0.000000
v 1.455841 -0.728291 -0.603029
v 1.114253 -0.728291 -1.114253
v 0.603029 -0.728291 -1.455841
v 0.000000 -0.728291 -1.575791
v -0.603029 -0.728291 -1.455841
v -1.114253 -0.728291 -1.114253
v -1.455841 -0.728291 -0.603029
v -1.575791 -0.728291 -0.000000
v -1.455841 -0.728291 0.603029
v -1.114253 -0.728291 1.114253
v -0.603029 -0.728291 1.455841
v 0.000000 -0.728291 1.575791
v 0.603029 -0.728291 1.455841
v 1.114253 -0.728291 1.114253
v 1.455841 -0.728291 0.603029
v 1.685391 -1.230391 0.000000
v 1.557098 -1.230391 -0.644971
v 1.191751 -1.230391 -1.191751
v 0.644971 -1.230391 -1.557098
v 0.000000 -1.230391 -1.685391
v -0.644971 -1.230391 -1.557098
v -1.191751 -1.230391 -1.191751
v -1.557098 -1.230391 -0.644971
v -1.685391 -1.230391 -0.000000
v -1.557098 -1.230391 0.644971
v -1.191751 -1.230391 1.191751
v -0.644971 -1.230391 1.557098
v -0.000000 -1.230391 1.685391
v 0.644971 -1.230391 1.557098
v 1.191751 -1.230391 1.191751
v 1.557098 -1.230391 0.644971
v 1.826799 -1.707712 0.000000
v 1.687742 -1.707712 -0.699086
v 1.291742 -1.707712 -1.291742
v 0.699086 -1.707712 -1.687742
v 0.000000 -1.707712 -1.826799
v -0.699086 -1.707712 -1.687742
v -1.291742 -1.707712 -1.291742
v -1.687742 -1.707712 -0.699086
v -1.826799 -1.707712 -0.000000
v -1.687742 -1.707712 0.699086
v -1.291742 -1.707712 1.291742
v -0.699086 -1.707712 1.687742
v 0.000000 -1.707712 1.826799
v 0.699086 -1.707712 1.687742
v 1.291742 -1.707712 1.291742
v 1.687742 -1.707712 0.699086
v 1.985625 -2.158750 0.000000
v 1.834478 -2.158750 -0.759866
v 1.404049 -2.158750 -1.404049
v 0.759866 -2.158750 -1.834478
v 0.000000 -2.158750 -1.985625
v -0.759866 -2.158750 -1.834478
v -1.404049 -2.158750 -1.404049
v -1.834478 -2.158750 -0.759866
v -1.985625 -2.158750 -0.000000
v -1.834478 -2.158750 0.759866
v -1.404049 -2.158750 1.404049
v -0.759866 -2.158750 1.834478
v 0.000000 -2.158750 1.985625
v 0.759866 -2.158750 1.834478
v 1.404049 -2.158750 1.404049
v 1.834478 -2.158750 0.759866
v 2.131150 -2.589885 -0.000000
v 1.968926 -2.589885 -0.815556
v 1.506951 -2.589885 -1.506951
v 0.815556 -2.589885 -1.968926
v 0.000000 -2.589885 -2.131150
v -0.815556 -2.589885 -1.968926
v -1.506951 -2.589885 -1.506951
v -1.968926 -2.589885 -0.815556
v -2.131150 -2.589885 -0.000000
v -1.968926 -2.589885 0.815556
v -1.506951 -2.589885 1.506951
v -0.815556 -2.589885 1.968926
v -0.000000 -2.589885 2.131150
v 0.815556 -2.589885 1.968926
v 1.506951 -2.589885 1.506951
v 1.968926 -2.589885 0.815556
v 2.250352 -2.968867 0.000000
v 2.079054 -2.968867 -0.861172
v 1.591239 -2.968867 -1.591239
v 0.861172 -2.968867 -2.079054
v -0.000000 -2.968867 -2.250352
v -0.861172 -2.968867 -2.079054
v -1.591239 -2.968867 -1.591239
v -2.079054 -2.968867 -0.861172
v -2.250352 -2.968867 -0.000000
v -2.079054 -2.968867 0.861172
v -1.591239 -2.968867 1.591239
v -0.861172 -2.968867 2.079054
v -0.000000 -2.968867 2.250352
v 0.861172 -2.968867 2.079054
v 1.591239 -2.968867 1.591239
v 2.079054 -2.968867 0.861172
v 2.335474 -3.279702 0.000000
v 2.157696 -3.279702 -0.893747
v 1.651429 -3.279702 -1.651429
v 0.893747 -3.279702 -2.157696
v 0.000000 -3.279702 -2.335474
v -0.893747 -3.279702 -2.157696
v -1.651429 -3.279702 -1.651429
v -2.157696 -3.279702 -0.893747
v -2.335474 -3.279702 0.000000
v -2.157696 -3.279702 0.893747
v -1.651429 -3.279702 1.651429
v -0.893747 -3.279702 2.157696
v -0.000000 -3.279702 2.335474
v 0.893747 -3.279702 2.157696
v 1.651429 -3.279702 1.651429
v 2.157696 -3.279702 0.893747
v 2.340000 -3.480000 0.000000
v 2.161878 -3.480000 -0.895479
v 1.654630 -3.480000 -1.654630
v 0.895479 -3.480000 -2.161878
v 0.000000 -3.480000 -2.340000
v -0.895479 -3.480000 -2.161878
v -1.654630 -3.480000 -1.654630
v -2.161878 -3.480000 -0.895479
v -2.340000 -3.480000 -0.000000
v -2.161878 -3.480000 0.895479
v -1.654630 -3.480000 1.654630
v -0.895479 -3.480000 2.161878
v 0.000000 -3.480000 2.340000
v 0.895479 -3.480000 2.161878
v 1.654630 -3.480000 1.654630
v 2.161878 -3.480000 0.895479
v 2.192769 -3.497915 -0.000000
v 2.025854 -3.497915 -0.839136
v 1.550522 -3.497915 -1.550522
v 0.839136 -3.497915 -2.025854
v 0.000000 -3.497915 -2.192769
v -0.839136 -3.497915 -2.025854
v -1.550522 -3.497915 -1.550522
v -2.025854 -3.497915 -0.839136
v -2.192769 -3.497915 -0.000000
v -2.025854 -3.497915 0.839136
v -1.550522 -3.497915 1.550522
v -0.839136 -3.497915 2.025854
v -0.000000 -3.497915 2.192769
v 0.839136 -3.497915 2.025854
v 1.550522 -3.497915 1.550522
v 2.025854 -3.497915 0.839136
v 1.959961 -3.405820 -0.000000
v 1.810768 -3.405820 -0.750045
v 1.385902 -3.405820 -1.385902
v 0.750045 -3.405820 -1.810768
v -0.000000 -3.405820 -1.959961
v -0.750045 -3.405820 -1.810768
v -1.385902 -3.405820 -1.385902
v -1.810768 -3.405820 -0.750045
v -1.959961 -3.405820 -0.000000
v -1.810768 -3.405820 0.750045
v -1.385902 -3.405820 1.385902
v -0.750045 -3.405820 1.810768
v -0.000000 -3.405820 1.959961
v 0.750045 -3.405820 1.810768
v 1.385902 -3.405820 1.385902
v 1.810768 -3.405820 0.750045
v 1.679861 -3.246794 0.000000
v 1.551989 -3.246794 -0.642855
v 1.187841 -3.246794 -1.187841
v 0.642855 -3.246794 -1.551989
v 0.000000 -3.246794 -1.679861
v -0.642855 -3.246794 -1.551989
v -1.187841 -3.246794 -1.187841
v -1.551989 -3.246794 -0.642855
v -1.679861 -3.246794 0.000000
v -1.551989 -3.246794 0.642855
v -1.187841 -3.246794 1.187841
v -0.642855 -3.246794 1.551989
v -0.000000 -3.246794 1.679861
v 0.642855 -3.246794 1.551989
v 1.187841 -3.246794 1.187841
v 1.551989 -3.246794 0.642855
v 1.365000 -3.036875 0.000000
v 1.261096 -3.036875 -0.522363
v 0.965201 -3.036875 -0.965201
v 0.522363 -3.036875 -1.261096
v 0.000000 -3.036875 -1.365000
v -0.522363 -3.036875 -1.261096
v -0.965201 -3.036875 -0.965201
v -1.261096 -3.036875 -0.522363
v -1.365000 -3.036875 -0.000000
v -1.261096 -3.036875 0.522363
v -0.965201 -3.036875 0.965201
v -0.522363 -3.036875 1.261096
v 0.000000 -3.036875 1.365000
v 0.522363 -3.036875 1.261096
v 0.965201 -3.036875 0.965201
v 1.261096 -3.036875 0.522363
v 1.042932 -2.807874 -0.000000
v 0.963544 -2.807874 -0.399113
v 0.737464 -2.807874 -0.737464
v 0.399113 -2.807874 -0.963544
v 0.000000 -2.807874 -1.042932
v -0.399113 -2.807874 -0.963544
v -0.737464 -2.807874 -0.737464
v -0.963544 -2.807874 -0.399113
v -1.042932 -2.807874 -0.000000
v -0.963544 -2.807874 0.399113
v -0.737464 -2.807874 0.737464
v -0.399113 -2.807874 0.963544
v -0.000000 -2.807874 1.042932
v 0.399113 -2.807874 0.963544
v 0.737464 -2.807874 0.737464
v 0.963544 -2.807874 0.399113
v 0.706875 -2.555547 0.000000
v 0.653067 -2.555547 -0.270509
v 0.499836 -2.555547 -0.499836
v 0.270509 -2.555547 -0.653067
v -0.000000 -2.555547 -0.706875
v -0.270509 -2.555547 -0.653067
v -0.499836 -2.555547 -0.499836
v -0.653067 -2.555547 -0.270509
v -0.706875 -2.555547 -0.000000
v -0.653067 -2.555547 0.270509
v -0.499836 -2.555547 0.499836
v -0.270509 -2.555547 0.653067
v -0.000000 -2.555547 0.706875
v 0.270509 -2.555547 0.653067
v 0.499836 -2.555547 0.499836
v 0.653067 -2.555547 0.270509
v 0.356484 -2.282412 0.000000
v 0.329349 -2.282412 -0.136421
v 0.252073 -2.282412 -0.252073
v 0.136421 -2.282412 -0.329349
v 0.000000 -2.282412 -0.356484
v -0.136421 -2.282412 -0.329349
v -0.252073 -2.282412 -0.252073
v -0.329349 -2.282412 -0.136421
v -0.356484 -2.282412 0.000000
v -0.329349 -2.282412 0.136421
v -0.252073 -2.282412 0.252073
v -0.136421 -2.282412 0.329349
v -0.000000 -2.282412 0.356484
v 0.136421 -2.282412 0.329349
v 0.252073 -2.282412 0.252073
v 0.329349 -2.282412 0.136421
v 0.000000 -2.000000 0.000000
v 0.000000 -2.000000 -0.000000
v 0.000000 -2.000000 -0.000000
v 0.000000 -2.000000 -0.000000
v 0.000000 -2.000000 -0.000000
v -0.000000 -2.000000 -0.000000
v -0.000000 -2.000000 -0.000000
v -0.000000 -2.000000 -0.000000
v -0.000000 -2.000000 -0.000000
v -0.000000 -2.000000 0.000000
v -0.000000 -2.000000 0.000000
v -0.000000 -2.000000 0.000000
v 0.000000 -2.000000 0.000000
v 0.000000 -2.000000 0.000000
v 0.000000 -2.000000 0.000000
v 0.000000 -2.000000 0.000000
vn -0.454997 -0.890493 -0.000000
vn -0.420363 -0.890493 0.174120
vn -0.321732 -0.890493 0.321732
vn -0.174120 -0.890493 0.420363
vn -0.000000 -0.890493 0.454997
vn 0.174120 -0.890493 0.420363
vn 0.321732 -0.890493 0.321732
vn 0.420363 -0.890493 0.174120
vn 0.454997 -0.890493 0.000000
vn 0.420363 -0.890493 -0.174120
vn 0.321732 -0.890493 -0.321732
vn 0.174120 -0.890493 -0.420363
vn 0.000000 -0.890493 -0.454997
vn -0.174120 -0.890493 -0.420363
vn -0.321732 -0.890493 -0.321732
vn -0.420363 -0.890493 -0.174120
vn -0.451927 -0.892055 -0.000000
vn -0.417527 -0.892055 0.172945
vn -0.319561 -0.892055 0.319561
vn -0.172945 -0.892055 0.417527
vn -0.000000 -0.892055 0.451927
vn 0.172945 -0.892055 0.417527
vn 0.319561 -0.892055 0.319561
vn 0.417527 -0.892055 0.172945
vn 0.451927 -0.892055 0.000000
vn 0.417527 -0.892055 -0.172945
vn 0.319561 -0.892055 -0.319561
vn 0.172945 -0.892055 -0.417527
vn 0.000000 -0.892055 -0.451927
vn -0.172945 -0.892055 -0.417527
vn -0.319561 -0.892055 -0.319561
vn -0.417527 -0.892055 -0.172945
vn -0.441540 -0.897242 -0.000000
vn -0.407930 -0.897242 0.168970
vn -0.312216 -0.897242 0.312216
vn -0.168970 -0.897242 0.407930
vn -0.000000 -0.897242 0.441540
vn 0.168970 -0.897242 0.407930
vn 0.312216 -0.897242 0.312216
vn 0.407930 -0.897242 0.168970
vn 0.441540 -0.897242 0.000000
vn 0.407930 -0.897242 -0.168970
vn 0.312216 -0.897242 -0.312216
vn 0.168970 -0.897242 -0.407930
vn 0.000000 -0.897242 -0.441540
vn -0.168970 -0.897242 -0.407930
vn -0.312216 -0.897242 -0.312216
vn -0.407930 -0.897242 -0.168970
vn -0.424433 -0.905460 -0.000000
vn -0.392125 -0.905460 0.162423
vn -0.300119 -0.905460 0.300119
vn -0.162423 -0.905460 0.392125
vn 0.000000 -0.905460 0.424433
vn 0.162423 -0.905460 0.392125
vn 0.300119 -0.905460 0.300119
vn 0.392125 -0.905460 0.162423
vn 0.424433 -0.905460 0.000000
vn 0.392125 -0.905460 -0.162423
vn 0.300119 -0.905460 -0.300119
vn 0.162423 -0.905460 -0.392125
vn 0.000000 -0.905460 -0.424433
vn -0.162423 -0.905460 -0.392125
vn -0.300119 -0.905460 -0.300119
vn -0.392125 -0.905460 -0.162423
vn -0.404695 -0.914452 -0.000000
vn -0.373889 -0.914452 0.154870
vn -0.286162 -0.914452 0.286162
vn -0.154870 -0.914452 0.373889
vn 0.000000 -0.914452 0.404695
vn 0.154870 -0.914452 0.373889
vn 0.286162 -0.914452 0.286162
vn 0.373889 -0.914452 0.154870
vn 0.404695 -0.914452 0.000000
vn 0.373889 -0.914452 -0.154870
vn 0.286162 -0.914452 -0.286162
vn 0.154870 -0.914452 -0.373889
vn 0.000000 -0.914452 -0.404695
vn -0.154870 -0.914452 -0.373889
vn -0.286162 -0.914452 -0.286162
vn -0.373889 -0.914452 -0.154870
vn -0.365825 -0.930684 -0.000000
vn -0.337978 -0.930684 0.139995
vn -0.258677 -0.930684 0.258677
vn -0.139995 -0.930684 0.337978
vn 0.000000 -0.930684 0.365825
vn 0.139995 -0.930684 0.337978
vn 0.258677 -0.930684 0.258677
vn 0.337978 -0.930684 0.139995
vn 0.365825 -0.930684 0.000000
vn 0.337978 -0.930684 -0.139995
vn 0.258677 -0.930684 -0.258677
vn 0.139995 -0.930684 -0.337978
vn 0.000000 -0.930684 -0.365825
vn -0.139995 -0.930684 -0.337978
vn -0.258677 -0.930684 -0.258677
vn -0.337978 -0.930684 -0.139995
vn -0.278158 -0.960535 -0.000000
vn -0.256985 -0.960535 0.106447
vn -0.196688 -0.960535 0.196688
vn -0.106447 -0.960535 0.256985
vn 0.000000 -0.960535 0.278158
vn 0.106447 -0.960535 0.256985
vn 0.196688 -0.960535 0.196688
vn 0.256985 -0.960535 0.106447
vn 0.278158 -0.960535 0.000000
vn 0.256985 -0.960535 -0.106447
vn 0.196688 -0.960535 -0.196688
vn 0.106447 -0.960535 -0.256985
vn 0.000000 -0.960535 -0.278158
vn -0.106447 -0.960535 -0.256985
vn -0.196688 -0.960535 -0.196688
vn -0.256985 -0.960535 -0.106447
vn 0.006416 -0.999979 0.000000
vn 0.005928 -0.999979 -0.002455
vn 0.004537 -0.999979 -0.004537
vn 0.002455 -0.999979 -0.005928
vn 0.000000 -0.999979 -0.006416
vn -0.002455 -0.999979 -0.005928
vn -0.004537 -0.999979 -0.004537
vn -0.005928 -0.999979 -0.002455
vn -0.006416 -0.999979 -0.000000
vn -0.005928 -0.999979 0.002455
vn -0.004537 -0.999979 0.004537
vn -0.002455 -0.999979 0.005928
vn -0.000000 -0.999979 0.006416
vn 0.002455 -0.999979 0.005928
vn 0.004537 -0.999979 0.004537
vn 0.005928 -0.999979 0.002455
vn 0.832507 -0.554015 0.000000
vn 0.769136 -0.554015 -0.318586
vn 0.588671 -0.554015 -0.588671
vn 0.318586 -0.554015 -0.769136
vn 0.000000 -0.554015 -0.832507
vn -0.318586 -0.554015 -0.769136
vn -0.588671 -0.554015 -0.588671
vn -0.769136 -0.554015 -0.318586
vn -0.832507 -0.554015 -0.000000
vn -0.769136 -0.554015 0.318586
vn -0.588671 -0.554015 0.588671
vn -0.318586 -0.554015 0.769136
vn -0.000000 -0.554015 0.832507
vn 0.318586 -0.554015 0.769136
vn 0.588671 -0.554015 0.588671
vn 0.769136 -0.554015 0.318586
vn 0.950788 0.309843 0.000000
vn 0.878413 0.309843 -0.363851
vn 0.672308 0.309843 -0.672308
vn 0.363851 0.309843 -0.878413
vn 0.000000 0.309843 -0.950788
vn -0.363851 0.309843 -0.878413
vn -0.672308 0.309843 -0.672308
vn -0.878413 0.309843 -0.363851
vn -0.950788 0.309843 -0.000000
vn -0.878413 0.309843 0.363851
vn -0.672308 0.309843 0.672308
vn -0.363851 0.309843 0.878413
vn -0.000000 0.309843 0.950788
vn 0.363851 0.309843 0.878413
vn 0.672308 0.309843 0.672308
vn 0.878413 0.309843 0.363851
vn 0.888270 0.459323 0.000000
vn 0.820654 0.459323 -0.339926
vn 0.628101 0.459323 -0.628101
vn 0.339926 0.459323 -0.820654
vn 0.000000 0.459323 -0.888270
vn -0.339926 0.459323 -0.820654
vn -0.628101 0.459323 -0.628101
vn -0.820654 0.459323 -0.339926
vn -0.888270 0.459323 -0.000000
vn -0.820654 0.459323 0.339926
vn -0.628101 0.459323 0.628101
vn -0.339926 0.459323 0.820654
vn -0.000000 0.459323 0.888270
vn 0.339926 0.459323 0.820654
vn 0.628101 0.459323 0.628101
vn 0.820654 0.459323 0.339926
vn 0.867787 0.496937 0.000000
vn 0.801730 0.496937 -0.332088
vn 0.613618 0.496937 -0.613618
vn 0.332088 0.496937 -0.801730
vn 0.000000 0.496937 -0.867787
vn -0.332088 0.496937 -0.801730
vn -0.613618 0.496937 -0.613618
vn -0.801730 0.496937 -0.332088
vn -0.867787 0.496937 -0.000000
vn -0.801730 0.496937 0.332088
vn -0.613618 0.496937 0.613618
vn -0.332088 0.496937 0.801730
vn -0.000000 0.496937 0.867787
vn 0.332088 0.496937 0.801730
vn 0.613618 0.496937 0.613618
vn 0.801730 0.496937 0.332088
vn 0.855969 0.517027 0.000000
vn 0.790812 0.517027 -0.327565
vn 0.605262 0.517027 -0.605262
vn 0.327565 0.517027 -0.790812
vn 0.000000 0.517027 -0.855969
vn -0.327565 0.517027 -0.790812
vn -0.605262 0.517027 -0.605262
vn -0.790812 0.517027 -0.327565
vn -0.855969 0.517027 -0.000000
vn -0.790812 0.517027 0.327565
vn -0.605262 0.517027 0.605262
vn -0.327565 0.517027 0.790812
vn -0.000000 0.517027 0.855969
vn 0.327565 0.517027 0.790812
vn 0.605262 0.517027 0.605262
vn 0.790812 0.517027 0.327565
vn 0.859528 0.511089 0.000000
vn 0.794100 0.511089 -0.328927
vn 0.607778 0.511089 -0.607778
vn 0.328927 0.511089 -0.794100
vn 0.000000 0.511089 -0.859528
vn -0.328927 0.511089 -0.794100
vn -0.607778 0.511089 -0.607778
vn -0.794100 0.511089 -0.328927
vn -0.859528 0.511089 -0.000000
vn -0.794100 0.511089 0.328927
vn -0.607778 0.511089 0.607778
vn -0.328927 0.511089 0.794100
vn -0.000000 0.511089 0.859528
vn 0.328927 0.511089 0.794100
vn 0.607778 0.511089 0.607778
vn 0.794100 0.511089 0.328927
vn 0.878839 0.477119 0.000000
vn 0.811941 0.477119 -0.336317
vn 0.621433 0.477119 -0.621433
vn 0.336317 0.477119 -0.811941
vn 0.000000 0.477119 -0.878839
vn -0.336317 0.477119 -0.811941
vn -0.621433 0.477119 -0.621433
vn -0.811941 0.477119 -0.336317
vn -0.878839 0.477119 -0.000000
vn -0.811941 0.477119 0.336317
vn -0.621433 0.477119 0.621433
vn -0.336317 0.477119 0.811941
vn -0.000000 0.477119 0.878839
vn 0.336317 0.477119 0.811941
vn 0.621433 0.477119 0.621433
vn 0.811941 0.477119 0.336317
vn 0.920914 0.389765 0.000000
vn 0.850814 0.389765 -0.352419
vn 0.651185 0.389765 -0.651185
vn 0.352419 0.389765 -0.850814
vn 0.000000 0.389765 -0.920914
vn -0.352419 0.389765 -0.850814
vn -0.651185 0.389765 -0.651185
vn -0.850814 0.389765 -0.352419
vn -0.920914 0.389765 -0.000000
vn -0.850814 0.389765 0.352419
vn -0.651185 0.389765 0.651185
vn -0.352419 0.389765 0.850814
vn -0.000000 0.389765 0.920914
vn 0.352419 0.389765 0.850814
vn 0.651185 0.389765 0.651185
vn 0.850814 0.389765 0.352419
vn 0.988964 0.148154 0.000000
vn 0.913684 0.148154 -0.378460
vn 0.699303 0.148154 -0.699303
vn 0.378460 0.148154 -0.913684
vn 0.000000 0.148154 -0.988964
vn -0.378460 0.148154 -0.913684
vn -0.699303 0.148154 -0.699303
vn -0.913684 0.148154 -0.378460
vn -0.988964 0.148154 -0.000000
vn -0.913684 0.148154 0.378460
vn -0.699303 0.148154 0.699303
vn -0.378460 0.148154 0.913684
vn -0.000000 0.148154 0.988964
vn 0.378460 0.148154 0.913684
vn 0.699303 0.148154 0.699303
vn 0.913684 0.148154 0.378460
vn 0.992479 -0.122416 0.000000
vn 0.916931 -0.122416 -0.379805
vn 0.701789 -0.122416 -0.701789
vn 0.379805 -0.122416 -0.916931
vn 0.000000 -0.122416 -0.992479
vn -0.379805 -0.122416 -0.916931
vn -0.701789 -0.122416 -0.701789
vn -0.916931 -0.122416 -0.379805
vn -0.992479 -0.122416 -0.000000
vn -0.916931 -0.122416 0.379805
vn -0.701789 -0.122416 0.701789
vn -0.379805 -0.122416 0.916931
vn -0.000000 -0.122416 0.992479
vn 0.379805 -0.122416 0.916931
vn 0.701789 -0.122416 0.701789
vn 0.916931 -0.122416 0.379805
vn 0.968546 -0.248834 0.000000
vn 0.894820 -0.248834 -0.370647
vn 0.684865 -0.248834 -0.684865
vn 0.370647 -0.248834 -0.894820
vn 0.000000 -0.248834 -0.968546
vn -0.370647 -0.248834 -0.894820
vn -0.684865 -0.248834 -0.684865
vn -0.894820 -0.248834 -0.370647
vn -0.968546 -0.248834 -0.000000
vn -0.894820 -0.248834 0.370647
vn -0.684865 -0.248834 0.684865
vn -0.370647 -0.248834 0.894820
vn -0.000000 -0.248834 0.968546
vn 0.370647 -0.248834 0.894820
vn 0.684865 -0.248834 0.684865
vn 0.894820 -0.248834 0.370647
vn 0.951321 -0.308203 0.000000
vn 0.878906 -0.308203 -0.364055
vn 0.672685 -0.308203 -0.672685
vn 0.364055 -0.308203 -0.878906
vn 0.000000 -0.308203 -0.951321
vn -0.364055 -0.308203 -0.878906
vn -0.672685 -0.308203 -0.672685
vn -0.878906 -0.308203 -0.364055
vn -0.951321 -0.308203 -0.000000
vn -0.878906 -0.308203 0.364055
vn -0.672685 -0.308203 0.672685
vn -0.364055 -0.308203 0.878906
vn 0.000000 -0.308203 0.951321
vn 0.364055 -0.308203 0.878906
vn 0.672685 -0.308203 0.672685
vn 0.878906 -0.308203 0.364055
vn 0.945375 -0.325985 0.000000
vn 0.873413 -0.325985 -0.361779
vn 0.668481 -0.325985 -0.668481
vn 0.361779 -0.325985 -0.873413
vn 0.000000 -0.325985 -0.945375
vn -0.361779 -0.325985 -0.873413
vn -0.668481 -0.325985 -0.668481
vn -0.873413 -0.325985 -0.361779
vn -0.945375 -0.325985 -0.000000
vn -0.873413 -0.325985 0.361779
vn -0.668481 -0.325985 0.668481
vn -0.361779 -0.325985 0.873413
vn -0.000000 -0.325985 0.945375
vn 0.361779 -0.325985 0.873413
vn 0.668481 -0.325985 0.668481
vn 0.873413 -0.325985 0.361779
vn 0.950755 -0.309944 0.000000
vn 0.878383 -0.309944 -0.363838
vn 0.672285 -0.309944 -0.672285
vn 0.363838 -0.309944 -0.878383
vn 0.000000 -0.309944 -0.950755
vn -0.363838 -0.309944 -0.878383
vn -0.672285 -0.309944 -0.672285
vn -0.878383 -0.309944 -0.363838
vn -0.950755 -0.309944 -0.000000
vn -0.878383 -0.309944 0.363838
vn -0.672285 -0.309944 0.672285
vn -0.363838 -0.309944 0.878383
vn -0.000000 -0.309944 0.950755
vn 0.363838 -0.309944 0.878383
vn 0.672285 -0.309944 0.672285
vn 0.878383 -0.309944 0.363838
vn 0.959375 -0.282135 0.000000
vn 0.886347 -0.282135 -0.367137
vn 0.678380 -0.282135 -0.678380
vn 0.367137 -0.282135 -0.886347
vn 0.000000 -0.282135 -0.959375
vn -0.367137 -0.282135 -0.886347
vn -0.678380 -0.282135 -0.678380
vn -0.886347 -0.282135 -0.367137
vn -0.959375 -0.282135 -0.000000
vn -0.886347 -0.282135 0.367137
vn -0.678380 -0.282135 0.678380
vn -0.367137 -0.282135 0.886347
vn -0.000000 -0.282135 0.959375
vn 0.367137 -0.282135 0.886347
vn 0.678380 -0.282135 0.678380
vn 0.886347 -0.282135 0.367137
vn 0.989502 -0.144519 0.000000
vn 0.914181 -0.144519 -0.378666
vn 0.699684 -0.144519 -0.699684
vn 0.378666 -0.144519 -0.914181
vn 0.000000 -0.144519 -0.989502
vn -0.378666 -0.144519 -0.914181
vn -0.699684 -0.144519 -0.699684
vn -0.914181 -0.144519 -0.378666
vn -0.989502 -0.144519 -0.000000
vn -0.914181 -0.144519 0.378666
vn -0.699684 -0.144519 0.699684
vn -0.378666 -0.144519 0.914181
vn -0.000000 -0.144519 0.989502
vn 0.378666 -0.144519 0.914181
vn 0.699684 -0.144519 0.699684
vn 0.914181 -0.144519 0.378666
vn 0.750345 0.661047 0.000000
vn 0.693228 0.661047 -0.287145
vn 0.530574 0.661047 -0.530574
vn 0.287145 0.661047 -0.693228
vn 0.000000 0.661047 -0.750345
vn -0.287145 0.661047 -0.693228
vn -0.530574 0.661047 -0.530574
vn -0.693228 0.661047 -0.287145
vn -0.750345 0.661047 -0.000000
vn -0.693228 0.661047 0.287145
vn -0.530574 0.661047 0.530574
vn -0.287145 0.661047 0.693228
vn -0.000000 0.661047 0.750345
vn 0.287145 0.661047 0.693228
vn 0.530574 0.661047 0.530574
vn 0.693228 0.661047 0.287145
vn -0.127157 0.991883 0.000000
vn -0.117477 0.991883 0.048661
vn -0.089913 0.991883 0.089913
vn -0.048661 0.991883 0.117477
vn -0.000000 0.991883 0.127157
vn 0.048661 0.991883 0.117477
vn 0.089913 0.991883 0.089913
vn 0.117477 0.991883 0.048661
vn 0.127157 0.991883 0.000000
vn 0.117477 0.991883 -0.048661
vn 0.089913 0.991883 -0.089913
vn 0.048661 0.991883 -0.117477
vn -0.000000 0.991883 -0.127157
vn -0.048661 0.991883 -0.117477
vn -0.089913 0.991883 -0.089913
vn -0.117477 0.991883 -0.048661
vn -0.431771 0.901983 -0.000000
vn -0.398904 0.901983 0.165231
vn -0.305308 0.901983 0.305308
vn -0.165231 0.901983 0.398904
vn -0.000000 0.901983 0.431771
vn 0.165231 0.901983 0.398904
vn 0.305308 0.901983 0.305308
vn 0.398904 0.901983 0.165231
vn 0.431771 0.901983 0.000000
vn 0.398904 0.901983 -0.165231
vn 0.305308 0.901983 -0.305308
vn 0.165231 0.901983 -0.398904
vn 0.000000 0.901983 -0.431771
vn -0.165231 0.901983 -0.398904
vn -0.305308 0.901983 -0.305308
vn -0.398904 0.901983 -0.165231
vn -0.524541 0.851385 -0.000000
vn -0.484612 0.851385 0.200733
vn -0.370906 0.851385 0.370906
vn -0.200733 0.851385 0.484612
vn -0.000000 0.851385 0.524541
vn 0.200733 0.851385 0.484612
vn 0.370906 0.851385 0.370906
vn 0.484612 0.851385 0.200733
vn 0.524541 0.851385 0.000000
vn 0.484612 0.851385 -0.200733
vn 0.370906 0.851385 -0.370906
vn 0.200733 0.851385 -0.484612
vn 0.000000 0.851385 -0.524541
vn -0.200733 0.851385 -0.484612
vn -0.370906 0.851385 -0.370906
vn -0.484612 0.851385 -0.200733
vn -0.567163 0.823605 -0.000000
vn -0.523990 0.823605 0.217044
vn -0.401045 0.823605 0.401045
vn -0.217044 0.823605 0.523990
vn -0.000000 0.823605 0.567163
vn 0.217044 0.823605 0.523990
vn 0.401045 0.823605 0.401045
vn 0.523990 0.823605 0.217044
vn 0.567163 0.823605 0.000000
vn 0.523990 0.823605 -0.217044
vn 0.401045 0.823605 -0.401045
vn 0.217044 0.823605 -0.523990
vn 0.000000 0.823605 -0.567163
vn -0.217044 0.823605 -0.523990
vn -0.401045 0.823605 -0.401045
vn -0.523990 0.823605 -0.217044
vn -0.590004 0.807400 -0.000000
vn -0.545093 0.807400 0.225785
vn -0.417196 0.807400 0.417196
vn -0.225785 0.807400 0.545093
vn -0.000000 0.807400 0.590004
vn 0.225785 0.807400 0.545093
vn 0.417196 0.807400 0.417196
vn 0.545093 0.807400 0.225785
vn 0.590004 0.807400 0.000000
vn 0.545093 0.807400 -0.225785
vn 0.417196 0.807400 -0.417196
vn 0.225785 0.807400 -0.545093
vn 0.000000 0.807400 -0.590004
vn -0.225785 0.807400 -0.545093
vn -0.417196 0.807400 -0.417196
vn -0.545093 0.807400 -0.225785
vn -0.607637 0.794215 -0.000000
vn -0.561383 0.794215 0.232532
vn -0.429664 0.794215 0.429664
vn -0.232532 0.794215 0.561383
vn -0.000000 0.794215 0.607637
vn 0.232532 0.794215 0.561383
vn 0.429664 0.794215 0.429664
vn 0.561383 0.794215 0.232532
vn 0.607637 0.794215 0.000000
vn 0.561383 0.794215 -0.232532
vn 0.429664 0.794215 -0.429664
vn 0.232532 0.794215 -0.561383
vn 0.000000 0.794215 -0.607637
vn -0.232532 0.794215 -0.561383
vn -0.429664 0.794215 -0.429664
vn -0.561383 0.794215 -0.232532
vn -0.651816 0.758344 -0.007074
vn -0.591528 0.760589 0.267580
vn -0.439805 0.745772 0.500396
vn -0.127272 0.761396 0.635671
vn 0.014317 0.773713 0.633375
vn 0.129086 0.733198 0.667651
vn 0.432761 0.761629 0.482327
vn 0.570437 0.813431 0.113717
vn 0.600424 0.795857 -0.078127
vn 0.572347 0.803961 -0.161450
vn 0.367310 0.810135 -0.456907
vn 0.121570 0.749201 -0.651090
vn 0.055800 0.788837 -0.612064
vn 0.034473 0.819491 -0.572054
vn -0.311801 0.879149 -0.360385
vn -0.640188 0.751201 -0.160796
vn -0.687818 0.725744 -0.014234
vn -0.613677 0.730633 0.299292
vn -0.442184 0.697403 0.564005
vn -0.014472 0.720057 0.693764
vn 0.028828 0.757911 0.651721
vn 0.016629 0.657568 0.753211
vn 0.429089 0.729147 0.533129
vn 0.564088 0.825658 -0.009680
vn 0.582363 0.797965 -0.155257
vn 0.573436 0.814633 -0.086859
vn 0.286512 0.829447 -0.479509
vn 0.004527 0.693287 -0.720647
vn 0.111130 0.786544 -0.607453
vn 0.302787 0.789620 -0.533686
vn -0.147675 0.955788 -0.254286
vn -0.704686 0.704500 -0.084247
f 1 17 18 2
f 2 18 19 3
f 3 19 20 4
f 4 20 21 5
f 5 21 22 6
f 6 22 23 7
f 7 23 24 8
f 8 24 25 9
f 9 25 26 10
f 10 26 27 11
f 11 27 28 12
f 12 28 29 13
f 13 29 30 14
f 14 30 31 15
f 15 31 32 16
f 16 32 17 1
f 17 33 34 18
f 18 34 35 19
f 19 35 36 20
f 20 36 37 21
f 21 37 38 22
f 22 38 39 23
f 23 39 40 24
f 24 40 41 25
f 25 41 42 26
f 26 42 43 27
f 27 43 44 28
f 28 44 45 29
f 29 45 46 30
f 30 46 47 31
f 31 47 48 32
f 32 48 33 17
f 33 49 50 34
f 34 50 51 35
f 35 51 52 36
f 36 52 53 37
f 37 53 54 38
f 38 54 55 39
f 39 55 56 40
f 40 56 57 41
f 41 57 58 42
f 42 58 59 43
f 43 59 60 44
f 44 60 61 45
f 45 61 62 46
f 46 62 63 47
f 47 63 64 48
f 48 64 49 33
f 49 65 66 50
f 50 66 67 51
f 51 67 68 52
f 52 68 69 53
f 53 69 70 54
f 54 70 71 55
f 55 71 72 56
f 56 72 73 57
f 57 73 74 58
f 58 74 75 59
f 59 75 76 60
f 60 76 77 61
f 61 77 78 62
f 62 78 79 63
f 63 79 80 64
f 64 80 65 49
f 65 81 82 66
f 66 82 83 67
f 67 83 84 68
f 68 84 85 69
f 69 85 86 70
f 70 86 87 71
f 71 87 88 72
f 72 88 89 73
f 73 89 90 74
f 74 90 91 75
f 75 91 92 76
f 76 92 93 77
f 77 93 94 78
f 78 94 95 79
f 79 95 96 80
f 80 96 81 65
f 81 97 98 82
f 82 98 99 83
f 83 99 100 84
f 84 100 101 85
f 85 101 102 86
f 86 102 103 87
f 87 103 104 88
f 88 104 105 89
f 89 105 106 90
f 90 106 107 91
f 91 107 108 92
f 92 108 109 93
f 93 109 110 94
f 94 110 111 95
f 95 111 112 96
f 96 112 97 81
f 97 113 114 98
f 98 114 115 99
f 99 115 116 100
f 100 116 117 101
f 101 117 118 102
f 102 118 119 103
f 103 119 120 104
f 104 120 121 105
f 105 121 122 106
f 106 122 123 107
f 107 123 124 108
f 108 124 125 109
f 109 125 126 110
f 110 126 127 111
f 111 127 128 112
f 112 128 113 97
f 113 129 130 114
f 114 130 131 115
f 115 131 132 116
f 116 132 133 117
f 117 133 134 118
f 118 134 135 119
f 119 135 136 120
f 120 136 137 121
f 121 137 138 122
f 122 138 139 123
f 123 139 140 124
f 124 140 141 125
f 125 141 142 126
f 126 142 143 127
f 127 143 144 128
f 128 144 129 113
f 129 145 146 130
f 130 146 147 131
f 131 147 148 132
f 132 148 149 133
f 133 149 150 134
f 134 150 151 135
f 135 151 152 136
f 136 152 153 137
f 137 153 154 138
f 138 154 155 139
f 139 155 156 140
f 140 156 157 141
f 141 157 158 142
f 142 158 159 143
f 143 159 160 144
f 144 160 145 129
f 145 161 162 146
f 146 162 163 147
f 147 163 164 148
f 148 164 165 149
f 149 165 166 150
f 150 166 167 151
f 151 167 168 152
f 152 168 169 153
f 153 169 170 154
f 154 170 171 155
f 155 171 172 156
f 156 172 173 157
f 157 173 174 158
f 158 174 175 159
f 159 175 176 160
f 160 176 161 145
f 161 177 178 162
f 162 178 179 163
f 163 179 180 164
f 164 180 181 165
f 165 181 182 166
f 166 182 183 167
f 167 183 184 168
f 168 184 185 169
f 169 185 186 170
f 170 186 187 171
f 171 187 188 172
f 172 188 189 173
f 173 189 190 174
f 174 190 191 175
f 175 191 192 176
f 176 192 177 161
f 177 193 194 178
f 178 194 195 179
f 179 195 196 180
f 180 196 197 181
f 181 197 198 182
f 182 198 199 183
f 183 199 200 184
f 184 200 201 185
f 185 201 202 186
f 186 202 203 187
f 187 203 204 188
f 188 204 205 189
f 189 205 206 190
f 190 206 207 191
f 191 207 208 192
f 192 208 193 177
f 193 209 210 194
f 194 210 211 195
f 195 211 212 196
f 196 212 213 197
f 197 213 214 198
f 198 214 215 199
f 199 215 216 200
f 200 216 217 201
f 201 217 218 202
f 202 218 219 203
f 203 219 220 204
f 204 220 221 205
f 205 221 222 206
f 206 222 223 207
f 207 223 224 208
f 208 224 209 193
f 209 225 226 210
f 210 226 227 211
f 211 227 228 212
f 212 228 229 213
f 213 229 230 214
f 214 230 231 215
f 215 231 232 216
f 216 232 233 217
f 217 233 234 218
f 218 234 235 219
f 219 235 236 220
f 220 236 237 221
f 221 237 238 222
f 222 238 239 223
f 223 239 240 224
f 224 240 225 209
f 225 241 242 226
f 226 242 243 227
f 227 243 244 228
f 228 244 245 229
f 229 245 246 230
f 230 246 247 231
f 231 247 248 232
f 232 248 249 233
f 233 249 250 234
f 234 250 251 235
f 235 251 252 236
f 236 252 253 237
f 237 253 254 238
f 238 254 255 239
f 239 255 256 240
f 240 256 241 225
f 241 257 258 242
f 242 258 259 243
f 243 259 260 244
f 244 260 261 245
f 245 261 262 246
f 246 262 263 247
f 247 263 264 248
f 248 264 265 249
f 249 265 266 250
f 250 266 267 251
f 251 267 268 252
f 252 268 269 253
f 253 269 270 254
f 254 270 271 255
f 255 271 272 256
f 256 272 257 241
f 257 273 274 258
f 258 274 275 259
f 259 275 276 260
f 260 276 277 261
f 261 277 278 262
f 262 278 279 263
f 263 279 280 264
f 264 280 281 265
f 265 281 282 266
f 266 282 283 267
f 267 283 284 268
f 268 284 285 269
f 269 285 286 270
f 270 286 287 271
f 271 287 288 272
f 272 288 273 257
f 273 289 290 274
f 274 290 291 275
f 275 291 292 276
f 276 292 293 277
f 277 293 294 278
f 278 294 295 279
f 279 295 296 280
f 280 296 297 281
f 281 297 298 282
f 282 298 299 283
f 283 299 300 284
f 284 300 301 285
f 285 301 302 286
f 286 302 303 287
f 287 303 304 288
f 288 304 289 273
f 289 305 306 290
f 290 306 307 291
f 291 307 308 292
f 292 308 309 293
f 293 309 310 294
f 294 310 311 295
f 295 311 312 296
f 296 312 313 297
f 297 313 314 298
f 298 314 315 299
f 299 315 316 300
f 300 316 317 301
f 301 317 318 302
f 302 318 319 303
f 303 319 320 304
f 304 320 305 289
f 305 321 322 306
f 306 322 323 307
f 307 323 324 308
f 308 324 325 309
f 309 325 326 310
f 310 326 327 311
f 311 327 328 312
f 312 328 329 313
f 313 329 330 314
f 314 330 331 315
f 315 331 332 316
f 316 332 333 317
f 317 333 334 318
f 318 334 335 319
f 319 335 336 320
f 320 336 321 305
f 321 337 338 322
f 322 338 339 323
f 323 339 340 324
f 324 340 341 325
f 325 341 342 326
f 326 342 343 327
f 327 343 344 328
f 328 344 345 329
f 329 345 346 330
f 330 346 347 331
f 331 347 348 332
f 332 348 349 333
f 333 349 350 334
f 334 350 351 335
f 335 351 352 336
f 336 352 337 321
f 337 353 354 338
f 338 354 355 339
f 339 355 356 340
f 340 356 357 341
f 341 357 358 342
f 342 358 359 343
f 343 359 360 344
f 344 360 361 345
f 345 361 362 346
f 346 362 363 347
f 347 363 364 348
f 348 364 365 349
f 349 365 366 350
f 350 366 367 351
f 351 367 368 352
f 352 368 353 337
f 353 369 370 354
f 354 370 371 355
f 355 371 372 356
f 356 372 373 357
f 357 373 374 358
f 358 374 375 359
f 359 375 376 360
f 360 376 377 361
f 361 377 378 362
f 362 378 379 363
f 363 379 380 364
f 364 380 381 365
f 365 381 382 366
f 366 382 383 367
f 367 383 384 368
f 368 384 369 353
f 369 385 386 370
f 370 386 387 371
f 371 387 388 372
f 372 388 389 373
f 373 389 390 374
f 374 390 391 375
f 375 391 392 376
f 376 392 393 377
f 377 393 394 378
f 378 394 395 379
f 379 395 396 380
f 380 396 397 381
f 381 397 398 382
f 382 398 399 383
f 383 399 400 384
f 384 400 385 369
f 385 401 402 386
f 386 402 403 387
f 387 403 404 388
f 388 404 405 389
f 389 405 406 390
f 390 406 407 391
f 391 407 408 392
f 392 408 409 393
f 393 409 410 394
f 394 410 411 395
f 395 411 412 396
f 396 412 413 397
f 397 413 414 398
f 398 414 415 399
f 399 415 416 400
f 400 416 401 385
f 401 417 418 402
f 402 418 419 403
f 403 419 420 404
f 404 420 421 405
f 405 421 422 406
f 406 422 423 407
f 407 423 424 408
f 408 424 425 409
f 409 425 426 410
f 410 426 427 411
f 411 427 428 412
f 412 428 429 413
f 413 429 430 414
f 414 430 431 415
f 415 431 432 416
f 416 432 417 401
f 417 433 434 418
f 418 434 435 419
f 419 435 436 420
f 420 436 437 421
f 421 437 438 422
f 422 438 439 423
f 423 439 440 424
f 424 440 441 425
f 425 441 442 426
f 426 442 443 427
f 427 443 444 428
f 428 444 445 429
f 429 445 446 430
f 430 446 447 431
f 431 447 448 432
f 432 448 433 417
f 433 449 450 434
f 434 450 451 435
f 435 451 452 436
f 436 452 453 437
f 437 453 454 438
f 438 454 455 439
f 439 455 456 440
f 440 456 457 441
f 441 457 458 442
f 442 458 459 443
f 443 459 460 444
f 444 460 461 445
f 445 461 462 446
f 446 462 463 447
f 447 463 464 448
f 448 464 449 433
f 449 465 466 450
f 450 466 467 451
f 451 467 468 452
f 452 468 469 453
f 453 469 470 454
f 454 470 471 455
f 455 471 472 456
f 456 472 473 457
f 457 473 474 458
f 458 474 475 459
f 459 475 476 460
f 460 476 477 461
f 461 477 478 462
f 462 478 479 463
f 463 479 480 464
f 464 480 465 449
f 465 481 482 466
f 466 482 483 467
f 467 483 484 468
f 468 484 485 469
f 469 485 486 470
f 470 486 487 471
f 471 487 488 472
f 472 488 489 473
f 473 489 490 474
f 474 490 491 475
f 475 491 492 476
f 476 492 493 477
f 477 493 494 478
f 478 494 495 479
f 479 495 496 480
f 480 496 481 465
f 481 497 498 482
f 482 498 499 483
f 483 499 500 484
f 484 500 501 485
f 485 501 502 486
f 486 502 503 487
f 487 503 504 488
f 488 504 505 489
f 489 505 506 490
f 490 506 507 491
f 491 507 508 492
f 492 508 509 493
f 493 509 510 494
f 494 510 511 495
f 495 511 512 496
f 496 512 497 481
f 497 513 514 498
f 498 514 515 499
f 499 515 516 500
f 500 516 517 501
f 501 517 518 502
f 502 518 519 503
f 503 519 520 504
f 504 520 521 505
f 505 521 522 506
f 506 522 523 507
f 507 523 524 508
f 508 524 525 509
f 509 525 526 510
f 510 526 527 511
f 511 527 528 512
f 512 528 513 497
